4294967294,0
4294967279,192
4294967279,191
4294967278,192
4294967279,19
4294967279,18
4294967279,14
4294967279,11
4294967279,7
4294967279,184
4294967278,185
12,7
4294967278,183
3,6
4294967278,182
4294967279,178
4294967294,25
3,5
4294967279,541
4294967278,348
4294967279,540
3,4
4294967278,175
4294967279,172
4294967294,6
4294967294,17
4294967294,41
4294967294,65
4294967294,96
4294967294,74
4294967294,419
4294967294,467
4294967278,347
4294967278,346
4294967279,539
4294967279,538
4294967278,171
4294967278,169
4294967278,345
11,77
11,76
11,75
4294967278,167
11,74
11,73
11,72
4294967278,166
4294967279,537
2,5
4294967278,344
4294967279,536
4294967279,0
4294967278,343
4294967279,535
2,4
4294967278,162
4294967278,161
4294967279,534
4294967278,342
11,71
11,70
11,69
11,68
11,67
11,66
11,65
11,64
11,38
11,37
11,36
11,35
11,34
11,33
11,32
11,31
11,30
11,29
11,28
11,27
11,26
11,25
11,24
11,23
11,22
11,21
11,20
11,19
11,18
4294967278,159
4294967278,158
11,17
11,16
11,15
11,14
11,13
11,12
11,11
11,10
11,9
4294967278,157
4294967278,156
4294967278,155
0,5
4294967279,533
4294967278,341
4294967294,12
4294967294,26
4294967294,80
4294967294,81
4294967294,66
4294967294,11
4294967293,131
4294967293,130
4294967293,129
4294967293,128
4294967293,127
4294967293,126
4294967293,125
4294967293,124
4294967293,123
4294967293,122
4294967293,121
4294967293,120
4294967293,119
4294967293,118
4294967293,117
4294967293,116
4294967293,115
4294967293,114
4294967293,113
4294967293,112
4294967293,111
4294967293,110
4294967293,109
4294967293,108
4294967293,107
4294967293,106
4294967293,105
4294967293,104
4294967293,103
4294967293,102
4294967293,101
4294967293,100
4294967293,99
4294967293,98
4294967293,97
4294967293,96
4294967293,95
4294967293,94
4294967293,93
4294967293,92
4294967293,91
4294967293,90
4294967293,89
4294967293,87
4294967293,86
4294967293,85
4294967293,84
4294967293,83
4294967293,82
4294967293,81
4294967293,80
4294967293,79
4294967293,78
4294967293,77
4294967293,76
4294967293,75
4294967293,74
4294967293,73
4294967293,72
4294967293,71
4294967293,70
4294967293,69
4294967293,68
4294967293,67
4294967293,66
4294967293,65
4294967293,64
4294967293,63
4294967293,62
4294967293,61
4294967293,60
4294967293,59
4294967293,58
4294967293,57
4294967293,56
4294967293,55
4294967293,54
4294967293,53
4294967293,52
4294967293,51
4294967293,50
4294967293,49
4294967293,48
4294967293,47
4294967293,46
4294967293,45
4294967293,44
4294967293,43
4294967293,42
4294967293,41
4294967293,40
4294967293,39
4294967293,38
4294967293,37
4294967293,36
4294967293,35
4294967293,34
4294967293,33
4294967293,32
4294967293,31
4294967293,30
4294967293,29
4294967293,28
4294967293,27
4294967293,26
4294967293,25
4294967293,24
4294967293,23
4294967293,22
4294967293,21
4294967293,20
4294967293,19
4294967293,18
4294967293,17
4294967293,16
4294967293,15
4294967293,14
4294967293,13
4294967293,12
4294967293,11
4294967293,10
4294967293,9
4294967293,8
4294967293,7
4294967293,6
4294967293,5
4294967293,4
4294967293,3
4294967278,111
4294967278,340
4294967279,532
4294967278,151
4294967278,150
4294967278,149
4294967278,339
4294967279,531
4294967278,338
4294967278,146
4294967278,337
4294967278,336
4294967279,530
4294967278,142
4294967294,5
4294967278,335
4294967279,529
4294967278,334
4294967278,139
4294967278,138
4294967278,274
4294967278,136
4294967278,135
4294967279,528
4294967278,134
4294967278,333
4294967279,268
4294967278,332
4294967279,527
11,8
11,7
4294967278,281
4294967279,526
4294967278,271
4294967278,270
4294967279,525
4294967278,269
4294967278,268
4294967278,331
4294967278,266
4294967279,524
4294967278,263
4294967279,277
4294967278,262
4294967278,277
4294967278,330
4294967278,258
4294967278,329
4294967279,250
4294967278,328
4294967279,523
4294967278,253
4294967279,249
4294967278,252
4294967279,522
4294967278,251
4294967279,247
4294967278,250
4294967279,246
4294967278,249
4294967279,521
4294967279,244
4294967279,243
4294967279,520
4294967278,327
4294967279,242
4294967278,326
4294967279,519
4294967278,247
4294967279,518
4294967278,325
4294967279,241
4294967278,324
4294967278,110
4294967278,234
4294967278,109
4294967278,108
4294967278,107
4294967278,230
4294967278,106
